    480
 224152
   8548
 227243
   5554
    858
 224318
    455
 220074
 226092
 223768
   8440
   3647
   5818
 224654
      4
 226094
 228146
 227538
 226062
 227242
     53
     62
 224167
     92
    583
   8445
 227990
 220073
 224643
 227066
 224646
    484
 220066
     26
 223767
    438
   5816
   5817
   8362
 224309
 224166
    226
 226063
 223771
   8363
 224322
 227716
 226096
 227989
   8547
   8555
 220072
    155
 220051
 223766
 220179
 225310
   3651
 224149
      5
 220063
    541
   8551
 220224
    482
   8364
   8368
   8448
 220180
 220050
 224659
 227717
 220058
 228145
 225312
 227023
 220061
   8441
 224310
 224317
 228158
   6702
    224
   8552
 224150
    504
    859
    716
 225309
 220059
    779
   442
     51
 220235
 226737
     52
 224314
 223752
 220060
    173
   8550
 223763
    778
   7151
 224311
 220765
    491
 220056
     59
 227537
 224645
    192
 227039
   1411
    420
    443
 226766
    490
    492
 224151
 220181
   5814
    113
 220052
   8446
   6701
     55
 224652
    456
   8536
   8444
      6
 227991
 223751
 224315
    624
 227516
   5813